
apurbo 200 150 220 155 198 146 830954828 260
fahim1 449 343 422 274 427 304 912345674 850
noyon29 432 329 199 148 207 154 719767459 1835
3apurbo 441 327 421 337 380 255 312345699 510
sajid19 443 331 199 148 207 154 812345678 450
samim22 406 327 259 268 432 319 412345618 400
rakib01 406 327 259 268 432 319 412345646 370
ayash 432 329 199 148 207 154 719767458 0
naodfho 199 148 207 154 200 155 712345762 0
noyon30 421 322 444 338 199 148 719767460 0
ok 199 148 207 154 215 160 719767457 0
saidul 442 309 402 304 394 303 612334567 0
noyon 199 148 207 154 215 160 719767450 0